namespace MapData {
        uint8_t map1Height = 30 
        uint8_t map1Width = 20 
        uint8_t map1 = {
                { 24, 24, 24, 24, 24, 24, 24, 24, 24, 24, 24, 24, 24, 24, 24, 24, 24, 24, 24, 24},
                { 24, 0, 16, 0, 0, 0, 0, 0, 0, 0, 0, 0, 0, 0, 0, 0, 0, 0, 0, 24},
                { 24, 0, 16, 16, 0, 0, 0, 0, 0, 0, 0, 0, 0, 0, 0, 16, 0, 0, 0, 24},
                { 24, 0, 0, 0, 0, 0, 0, 16, 16, 16, 0, 0, 0, 0, 0, 0, 0, 0, 0, 8},
                { 24, 0, 0, 0, 0, 0, 16, 16, 0, 0, 16, 16, 16, 0, 0, 0, 0, 0, 0, 8},
                { 24, 24, 0, 0, 0, 0, 0, 0, 0, 0, 0, 0, 16, 0, 0, 0, 0, 0, 8, 8},
                { 24, 24, 16, 0, 0, 0, 0, 0, 0, 0, 0, 0, 16, 0, 0, 0, 0, 8, 8, 8},
                { 24, 24, 0, 0, 0, 16, 0, 0, 0, 0, 0, 16, 16, 0, 0, 0, 0, 8, 8, 8},
                { 24, 24, 0, 0, 0, 16, 16, 16, 0, 0, 0, 16, 0, 0, 0, 0, 8, 8, 8, 8},
                { 24, 24, 0, 0, 0, 0, 0, 16, 0, 0, 0, 0, 0, 0, 0, 0, 8, 8, 8, 8},
                { 24, 24, 0, 0, 0, 0, 0, 0, 16, 0, 0, 0, 0, 0, 0, 0, 0, 0, 0, 24},
                { 24, 24, 0, 0, 0, 0, 0, 0, 0, 0, 0, 0, 0, 0, 0, 0, 0, 0, 0, 24},
                { 24, 24, 0, 0, 0, 0, 24, 0, 0, 0, 0, 16, 0, 0, 0, 0, 16, 16, 0, 24},
                { 24, 24, 0, 0, 0, 0, 24, 0, 0, 0, 0, 0, 0, 0, 0, 0, 0, 16, 0, 24},
                { 24, 24, 0, 0, 0, 0, 24, 0, 0, 0, 0, 0, 0, 0, 0, 0, 0, 0, 0, 24},
                { 24, 24, 16, 16, 16, 16, 24, 0, 0, 0, 0, 0, 0, 0, 0, 16, 0, 0, 0, 24},
                { 24, 24, 16, 16, 16, 16, 24, 0, 0, 0, 0, 0, 16, 0, 0, 16, 0, 0, 0, 24},
                { 24, 24, 16, 16, 16, 16, 24, 0, 0, 0, 0, 16, 0, 0, 0, 0, 16, 0, 0, 24},
                { 24, 24, 16, 16, 16, 16, 24, 0, 16, 16, 0, 16, 0, 0, 0, 0, 16, 0, 0, 24},
                { 24, 24, 20, 20, 20, 20, 24, 0, 0, 0, 0, 0, 0, 0, 0, 0, 0, 0, 0, 24},
                { 24, 24, 0, 0, 0, 0, 0, 0, 0, 0, 0, 0, 16, 0, 16, 0, 0, 0, 0, 24},
                { 24, 24, 0, 0, 0, 0, 0, 0, 0, 0, 0, 16, 0, 0, 0, 0, 0, 0, 0, 24},
                { 24, 24, 0, 0, 16, 0, 0, 0, 16, 0, 0, 0, 0, 0, 0, 0, 0, 0, 0, 24},
                { 24, 24, 0, 0, 0, 0, 0, 0, 0, 0, 0, 0, 0, 0, 0, 0, 0, 0, 0, 24},
                { 24, 24, 0, 0, 0, 0, 0, 0, 0, 0, 0, 0, 0, 0, 0, 16, 16, 0, 0, 24},
                { 24, 24, 0, 16, 0, 0, 16, 0, 0, 0, 0, 0, 0, 0, 0, 0, 0, 0, 0, 24},
                { 24, 24, 0, 0, 0, 0, 0, 0, 0, 0, 0, 16, 17, 18, 19, 0, 0, 0, 0, 24},
                { 24, 24, 0, 0, 0, 0, 0, 0, 0, 0, 0, 0, 25, 26, 27, 0, 0, 0, 0, 24},
                { 24, 24, 0, 0, 0, 0, 0, 0, 0, 0, 0, 0, 0, 0, 0, 0, 0, 0, 0, 24},
                { 24, 24, 24, 24, 24, 24, 24, 24, 24, 24, 24, 24, 24, 24, 24, 24, 24, 24, 24, 24}
        };

        uint8_t house1Height = 8 
        uint8_t house1Width = 8 
        uint8_t house1 = {
                { 2, 4, 4, 4, 4, 4, 4, 3},
                { 5, 1, 1, 1, 1, 1, 1, 13},
                { 5, 1, 9, 1, 1, 9, 1, 13},
                { 5, 1, 1, 1, 1, 1, 1, 13},
                { 5, 1, 1, 1, 1, 1, 1, 13},
                { 5, 1, 9, 1, 1, 9, 1, 13},
                { 5, 1, 1, 1, 1, 1, 1, 13},
                { 10, 12, 12, 28, 12, 12, 12, 11}
        };

        uint24_t maps[] = {map1, house1}
        uint8_t widths = {20, 8}
        uint8_t heights = {30, 8}


        uint8_t map1Warps = {
            {27, 13, 1}
        }
        uint8_t  house1Warps = {
            {7, 3, 0}
        }

        uint24_t warps[] = {
            map1Warps, house1Warps
        }


} namespace_end