namespace MoveLists {
	uint32_t moveList[] = {
		 1223688192  ,
		 1290797088  ,
		 1559236656  ,
		 1075773440  ,
		 1077872640  ,
		 3225357696  ,
		 1325662208  ,
		 1325826048  ,
		 1862781184  ,
		 4030071040  ,
		 1623782528  ,
		 1611190016  ,
		 1119232240  ,
		 1341130016  ,
		 3759112200  ,
		 1611645056  ,
		 3759141056  ,
		 521142400  ,
		 2670725360  ,
		 1626343552  ,
		 1894850432  ,
		 4294967280  ,
		 4294967284  ,
		 1225789184  ,
		 1595182912  ,
		 1074397424  ,
		 3566143728  ,
		 1083240448  ,
		 3304255776  ,
		 4278190335  ,
		 4027576335  ,
		 4042264335  
	};
} namespace_end
